Buzzards
Aaron:9.80,7.40,6.70,6.10,4.30,4.10,2.80,2.50,1.90
Bjorn:9.40,8.80,8.70,5.10,3.20,1.90,1.70
Camila:8.50,8.30,7.10,4.30,3.30
Jose:9.90,9.40,7.90,5.10,1.80,0.30
Andrei:9.30,7.80,7.70,7.30,6.30,5.60,5.10,3.10,1.40

Hurricanes
Boris:9.90,9.50,4.00,3.80,2.60,0.40
Yuri:9.30,8.60,7.80,7.10,4.60,4.20,2.60,1.30,0.50
Valentina:9.70,7.00,3.60,3.20,3.00,2.20,1.90,1.50,1.50
Andrea:9.70,8.40,8.10,6.60,6.20,5.60,5.00,4.90,1.00,0.70

Dazzlers
Thomas:9.30,7.60,7.00,6.10,3.70,1.50
Sophie:8.70,7.40,5.10,1.70,0.20
Joaquin:9.80,8.70,2.70,0.60
Stella:9.40,9.00,8.50,6.50,5.30,2.40,0.20,0.20

Kites
Martin:8.00,6.60,5.60,4.40,2.80,2.70,0.30
Alexei:6.40,4.80,1.70

Kingslayers
Daniela:9.40,5.90,5.10,3.30

Chennaites
Olivia:9.90,9.50,8.70,8.20,5.60,4.90

Highlanders
Lin:8.70,6.10,4.70,3.10,1.10
Jasper:10.00,9.30,7.40,7.30,4.10,2.00,1.40

Matadors
Erling:9.90,7.40,7.20,4.80,4.10

Cavaliers
Liv:6.20,4.70,4.30,4.00,3.60,2.00,1.00,0.50
Svea:7.10,3.30,3.00,1.00
Aleksandra:9.00,6.30,4.20,1.60,0.80
Sophia:7.10,7.00,4.90,2.90,0.80,0.10
Anastasiya:8.40,7.90,3.30,1.90,1.00

Gladiators
Isaac:5.90,4.50,3.20,2.30,0.30,0.10

Surge
Larsen:7.40,6.40,4.70,4.10,3.90,3.50,1.10,0.20

Kolis
Marit:8.10,8.10,7.00,5.20,4.10,2.60,1.80,1.70
Mauricio:9.60,9.30,8.10,7.40,6.10,3.70,3.00,2.60,2.00
Yekaterina:9.20,7.60,6.50
Grigori:9.40,8.60,6.80,4.40,2.90,1.10,0.70
Connor:4.50,2.90,1.40,0.40

Himalayas
Erik:7.20,6.70,6.10,4.20,3.60,0.40
Xavier:2.90,2.50,0.30
Rostislav:8.60,6.00,4.60,1.70
Semyon:9.60,8.30,8.30,6.80,6.30,5.20,3.30,2.00,0.40,0.10

Rhinos
Lara:9.00,4.90,2.00
Andres:8.40,8.10,6.10,5.30,3.90,2.40,2.10,0.40
Tova:9.80,5.00,4.60
Andrew:9.00,6.10,3.40,0.20
Isabela:9.70,4.80,1.70

Legionnaires
Diego:9.00,7.60,6.70,3.70,1.10

Mumbaians
Roald:8.70,7.80,7.70,7.30,5.30,5.10,3.90,0.70
William:9.60,7.10,7.00,4.00,1.70

Chiefs
Liam:9.70,8.30,7.60,7.10,4.90,4.10,1.10,0.50
Ava:9.80,7.80,7.50,6.40,6.00,5.10,5.10,2.60,0.10

Protege
Beatrice:7.70,7.10,6.90,0.20
Atharv:9.50,9.10,8.50,7.60,6.50,4.80,4.20

Delhiites
Lars:7.80,7.60,4.70,4.70,3.90,3.00,1.70,0.50,0.30

Raptors
Adele:8.80,8.00,7.50,4.50,3.50,2.30
Maria:9.40,5.60,4.50,3.90,0.50