Paladins
Eli:9.90,9.30,8.00,7.00,5.60,5.20,4.80,4.00,0.90
Nils:9.40,8.90,7.50,2.70
Jackson:8.90,7.70,7.20,6.90,2.10,1.70,0.80
Cameron:8.70,8.40,7.90,4.60,4.00,2.60,1.40,0.40

Mumbaikars
Miguel:9.70,8.40,7.00,6.80,6.70,5.50
Manuel:9.30,7.50,4.50,3.10,2.90,2.60,2.00,1.90,0.60,0.20

Crusaders
Nisha:8.90,8.60,8.50,4.70,4.70
Ulf:8.90,8.20,7.70,5.10,1.80,0.90,0.80
Samar:8.70,7.50,6.50,6.00,4.60,3.70,3.00,1.80,0.30
Aleksandr:4.00,2.70,2.10,0.30
Samuel:7.50,5.20,1.30

Fusion
Ines:9.60,8.20,6.10,4.50,3.30,0.80
Owen:8.30,7.90,7.10,6.10,3.90,2.90,1.90,1.30,1.20,0.30
Oksana:8.40,8.00,6.00,5.60,3.10,1.80
Kiryl:6.20,5.80,2.90,1.40,0.40
Zayan:8.00,7.80,5.20,4.50,3.80,1.50,1.20,0.40

Dolphins
Evan:6.00,4.80,3.50
Virat:9.60,8.50,7.60,7.30,6.20,3.80,3.10,3.10,0.40,0.20
Aisha:9.20,5.30,5.00,4.80,4.00,0.90
Daria:7.50,6.10,0.20

Bengals
Vigdis:7.30,3.90,1.80
Felipe:9.80,9.70,2.90,0.10
Benjamin:7.30,6.00,5.80,4.10,3.70

Sprints
Maksim:8.70,6.80,4.90,4.10,4.10,3.90,2.40,0.90,0.30
Sif:8.60,4.10,2.60,1.50
Rolf:8.50,7.10,6.50,6.50,4.60,3.50,2.90,2.00,0.20
Bjarne:9.40,6.70,5.10,4.70,4.50,4.40,1.70,1.10,0.10

Strikers
Ekaterina:9.50,9.50,7.00,2.20
Luis:9.20,7.20,6.20,3.90,2.10,1.70,1.40,0.60
Greta:9.90,8.90,8.50,8.00,6.70,6.60
Inge:7.00,4.20,4.00
Alexander:6.90,3.00,1.20,0.60

Raiders
Pihu:9.30,9.20,9.00,5.80,4.90,4.40,2.10,0.70,0.10
Ying:10.00,9.60,9.10,6.20,4.70,3.10

Jaguars
Pyotr:9.20,9.20,7.80,6.50,5.20,4.00,0.90,0.80

Eagles
Sofia:9.70,6.30,5.40,4.20,2.60
Brooklyn:6.30,5.30,2.90,2.80,2.50,2.40,2.00,1.50,0.60,0.20
Frode:8.40,8.10,6.80,3.00,1.40,1.10,1.00
Avni:9.60,4.50,2.90,2.80,1.40
Scarlett:8.60,5.40,2.90,1.80,0.70

Rovers
Ingrid:9.40,8.50,5.60,2.00,0.90

Enforcers
Riley:3.10,2.50,0.80
Hui:9.30,9.00,2.70,0.10
Henry:9.30,8.80,8.50,6.50,4.80,4.70,1.50,0.60
Myra:9.90,9.60,9.50,7.00,5.60,4.10,4.00,3.20,1.30,1.10

Vikings
Leonardo:9.20,7.70,7.50,4.80,4.40,3.90,1.70,1.70,1.70
Avisha:9.70,9.40,8.40,7.60,1.10
Anushka:9.30,8.70,7.00,5.50,4.90,3.60,3.30,0.20,0.10
Zachary:9.60,9.60,9.30,8.80,7.30,5.60,4.40,3.70,2.80,2.20
Luke:9.70,5.10,2.10

Breakers
Harald:9.60,7.10,5.00,3.50,2.90
Elinor:8.70,7.10,6.90,6.40,5.10,5.00,2.30,1.30,0.10
Joel:9.90,9.60,9.40,7.90,7.70,7.40,4.90,3.20,1.00
Ning:9.40,9.10,8.60,8.40,8.30,7.30,3.90,3.30,1.50,0.30
Ryan:7.10,7.10,6.50,5.30,4.60,2.90,1.60,1.10

Titans
Katerina:8.40,6.60,6.00,4.30,2.60,0.70,0.60,0.40
Varvara:8.90,8.20,8.10,7.70,4.70,4.60,3.70,3.10,0.50,0.30
Lourdes:9.70,9.10,9.00,6.70,6.10,5.80,0.30,0.30
Arnav:9.40,8.30,8.10,8.00,7.60,7.00,6.90,1.60,1.10,0.90
Carlos:3.30,2.20,1.10,0.60

Blazers
Inga:7.90,7.80,7.80,7.20,6.90,4.40,2.70,1.80,1.50
Aiden:9.20,7.50,6.40,4.40,4.10,3.50,2.30,1.80,1.70
Belen:9.70,9.60,8.70,6.70,5.60,5.00,3.40,2.50,0.80
Hilde:9.90,5.50,4.80,4.80,2.70,2.40,2.20,0.40
Jorge:9.90,9.50,9.40,7.90,5.80,5.10,2.60,1.70,1.50,1.20

Olympians
Vera:9.40,8.40,6.20,3.50,2.80,0.80
Juliette:6.20,6.10,5.30,1.30,1.30,1.00

Fury
Leon:6.70,3.60,1.50

Grit
Jayden:7.80,6.50,4.50,3.90,3.70,2.00,1.90,0.70,0.30
Pablo:8.50,5.30,4.40,3.30,3.10,2.80,2.60,1.30,0.40,0.30
Victoria:8.70,7.80,6.00,3.30,3.20,0.10
Aleksandrina:9.60,6.50,3.20,0.70
Sigrid:7.90,7.00,5.30,4.90,4.40,4.30,4.10,3.30,1.70,1.60