Serenades
Karina:8.30,6.40,5.90,0.90
Marina:7.20,7.00,6.70,6.70,6.40,4.60,4.50,4.30,3.20,2.50
Santiago:9.50,9.20,8.20,7.40,7.30,6.60,3.20,2.80,1.70,1.20
Elizabeth:3.50,1.30,0.50,0.10

Gujaratis
Natalie:9.70,9.30,9.20,5.90,3.40,3.40,1.20,0.40
Neha:5.50,4.50,4.40,4.10
Aria:7.70,7.00,6.70,4.50,3.50,3.40,1.80,0.80

Thunder
Tor:9.80,4.80,4.40,3.60,2.00,1.90,1.70,1.10
Zoya:8.70,8.10,7.70,7.20,6.50,5.10,4.20,2.70,0.30
Luna:8.60,7.30,6.70,2.00,1.90
Natalia:7.30,7.10,6.30,5.50,4.10
Gabriela:10.00,9.90,9.60,7.60,7.50,6.70,3.90,0.70

Punjabis
Sara:8.70,8.40,1.80,1.60,0.30
Gabriel:7.50,7.40,5.80,3.20,1.30,0.80
Amara:8.40,6.60,5.80,3.20,2.90,2.30
Max:9.10,8.00,6.80,5.60,4.80,3.60,3.10,1.70,1.50,1.10

Bangalorians
Antonio:8.70,7.70,7.20,7.10,6.70,1.90
Elena:6.10,5.80,3.80,3.00,2.10
Bruno:9.00,7.80,7.30,3.80

Galactics
Felix:8.80,6.40,4.80,3.80
Arjun:9.20,9.10,8.30,8.00,7.50,7.20,5.50,4.60,1.20
Tara:9.50,7.60,6.30,6.30,5.50,3.70
Galina:8.60,8.20,7.70,7.60,7.00,6.70,6.30,6.20,2.30

Glitterati
Bogdan:8.60,8.20,5.80,5.10,4.90,2.50,2.40
Ivana:9.20,7.90,6.30,3.90
Edda:5.50,2.40,1.50
Wyatt:9.30,6.30,3.10,0.60
Dagny:9.40,8.40,7.00,5.10,5.00,3.80,3.40,1.40,1.30

Spectra
Ahaan:5.50,4.70,2.80
James:6.80,6.50,5.70,5.50,2.50,2.00,1.80,1.40
Anders:7.80,6.90,6.20
Roman:8.20,4.90,0.90,0.10
Sol:9.30,8.90,8.50,5.50,2.90,0.70

Conquerors
Ishika:9.60,8.50,8.30,4.20,1.10,0.60
Shaan:9.40,8.80,6.50,3.40,2.90,2.80,1.90

Zenith
Mateo:6.90,4.50,2.40,0.70
Renata:8.90,8.60,7.40,5.70,1.00
Thyra:9.40,8.00,7.30,3.70,3.10
Angela:8.60,8.10,6.40,5.10,3.80
Elva:8.60,7.20,3.10,2.60,2.40,1.70

Bandicoots
Magnus:7.30,4.80,3.80,1.00,1.00
Audrey:9.70,8.50,6.30,2.70,2.70,1.80,1.50,0.40,0.10
Ebba:8.30,8.00,7.40,4.80,3.60,1.80,0.60,0.40,0.40

Giants
Layla:9.80,4.20,2.70,1.10,0.80
Alice:9.50,8.70,6.40,5.70,3.60,2.10,0.80
Nicholas:8.90,5.30,4.30,4.20,4.20,1.40,0.60
Elise:6.10,2.90,1.60

Wolves
Emilia:8.20,7.90,3.90,2.90,1.10,0.50,0.30,0.20
Elijah:9.90,6.40,6.00,3.40,2.60,0.40,0.40
Mei:8.30,7.70,7.70,5.50,5.30,2.50,0.90,0.30
Eva:9.70,8.50,8.30,7.40,6.50,5.70,5.30,4.60,3.90
Hulda:9.20,8.30,6.90,6.90,6.80,4.40,1.60,1.40,0.50

Prowess
Ana:8.90,8.80,6.00,4.20

Talons
David:9.30,8.90,4.00

Blaze
Madison:9.40,7.00,5.50,5.20,1.90,1.80,1.80
Krish:9.50,8.90,7.60,5.70,4.90,3.80,1.70,0.20
Ariane:7.70,2.50,1.20
Finn:9.60,8.50,7.30,6.00,3.50,0.80,0.30
Irina:8.60,8.00,6.50,6.20,5.30,4.20,3.10,0.60,0.50

Venom
Sanna:9.40,8.50,8.20,5.60,5.20,3.70,2.40,1.90
Freya:6.90,6.40,1.20
Maja:9.90,8.60,7.40,4.00,3.80

Hyderabads
Nella:7.10,6.20,6.10,5.20,1.30
Eira:8.70,7.40,6.60,5.80,5.60,5.10,3.60,3.50
Vivaan:6.20,6.10,4.60,4.10,2.40,0.30
Oskar:9.70,9.50,9.20,8.60,7.80,7.40,6.80,4.70,3.40,1.80

Hunters
Arne:8.70,4.20,1.70,0.30

Templars
Jonas:9.50,8.80,6.90,3.90,3.10,3.00,2.90
Christopher:8.90,7.40,7.10,5.60,5.60,4.00,3.00,0.90,0.80
Dominic:7.70,6.00,0.90
Ricardo:9.60,8.00,5.30,4.10