Galaxy
Paloma:10.00,8.40,4.10,3.10,2.40,1.70
Lucas:9.80,3.70,3.30,1.30,0.70
Matias:9.90,5.70,5.50,5.40,4.10,4.00,2.70
Idunn:9.10,3.30,2.40
Arvid:9.70,7.90,4.50,2.00,0.60,0.30

Gaze
Noah:7.00,5.80,5.60,2.60
Penelope:9.10,8.20,8.00,7.20,6.20,5.70,4.70,4.20,3.00,0.40

Enigma
Iosif:9.50,9.30,9.10,8.80,8.70,6.70,3.60,2.30,0.90
Eliana:9.90,8.90,6.10,5.40,3.70,3.50,3.30,2.90,0.50,0.10
Jan:9.10,8.20,6.20,5.30,3.20,2.40
Armaan:8.80,8.30,4.70,1.00,0.30

Defenders
Leo:9.60,9.20,8.50,7.40,5.10,4.70,4.00,2.60,2.30,1.30
Christian:9.90,9.20,8.50,7.60,6.80,4.20,3.20,0.90,0.90,0.30

Jinx Breakers
Valeria:10.00,3.20,2.60,1.30
Nadezhda:8.00,7.60,3.10,2.20,0.60
Lev:9.80,9.70,7.10,5.60,4.20,3.30,2.20,2.20,0.90,0.50
Ariana:9.70,9.40,9.20,7.70,7.20,6.70,2.00,0.60,0.20,0.20
Andersson:10.00,6.10,4.50,3.90,3.50,2.30,1.50

Shamrocks
Ludvig:8.70,8.60,5.80,5.30,4.30,4.20,2.30
Lyudmila:9.30,8.20,6.70,3.10,2.20

Challengers
Aaradhya:9.90,6.20,4.90
Kari:9.30,9.20,0.70

Ganges
Aurora:8.60,5.50,5.20,4.50,2.10

Phantoms
Emily:9.60,8.50,5.40,4.30,2.40,1.20,0.80
Maximilian:8.20,7.00,6.80,6.60
Francisco:9.30,7.50,6.90,6.60,6.00,3.90,3.20,1.80,0.10

Gliders
Lucia:9.30,6.80,6.70,6.60,6.30,4.90,3.00,1.70,0.70

Jesters
Ivan:7.50,6.50,3.50,0.90

Musketeers
Ivar:8.60,6.60,3.00,0.40
Astrid:9.80,9.40,8.50,6.20,3.10,2.30,0.90

Rangers
Ulrik:7.90,4.60,2.40,2.10,1.10,0.60

Maestros
Joshua:8.40,6.70,4.40,4.20,0.30

Impact
Evelyn:9.00,8.30,7.40,5.00,4.70
Anton:9.70,5.00,4.60,4.00,2.70,1.80
Mia:9.70,7.90,5.10,3.90

Serpents
Einar:7.60,6.20,5.60,2.30,1.40,1.30,0.60

Vedic
Levi:9.60,8.40,6.00,4.70,4.20,4.00,3.80,3.50,3.40,0.70
Matteo:9.30,8.50,8.00,6.20,4.40,4.40,1.90

Karmayudhas
Eirik:9.50,9.40,8.60,6.40,5.80,5.30,5.10,1.90,1.80
Tamara:5.70,5.50,3.80,2.10
Logan:9.90,8.50,7.00,5.30
Mariana:8.50,7.40,6.90,4.70,0.60

Deccans
Joseph:8.90,8.60,8.10,2.10,1.90,1.00,0.80,0.50,0.10
Matthew:9.90,9.90,9.70,9.30,8.00,5.70,3.70,2.60,2.40
Marco:6.00,3.90,3.30,2.80,2.30,0.80
Eduardo:10.00,9.10,4.60,3.30,2.20,1.40,1.10
Addison:9.30,7.60,6.60,6.10,5.30,5.10,0.80,0.30

Wildcats
Yan:9.50,9.00,8.10,7.60,5.10,4.80,4.30,4.20,2.50,0.10
Elina:9.20,2.50,2.10,0.50
Sven:9.30,6.60,5.20,4.50,4.00,3.20,3.00,1.70,0.60
Nicolas:9.00,8.60,7.80,7.60,7.40,6.50,5.50,0.40,0.30
Diya:10.00,6.20,5.00,4.20,1.60