Storm
Yuliya:8.70,8.60,6.10,2.00,1.20,1.20,1.10,1.00
Aleksei:7.90,7.80,5.40,2.50

Jamboree
Rafael:6.10,4.90,3.50
Mikhail:8.40,7.60,3.90
Anya:10.00,7.40,6.40,4.70,1.70
Carter:7.30,6.40,4.20
Tage:8.90,8.40,7.90,6.90,3.40,3.30,2.90

Marathas
Elin:5.50,4.50,3.50,1.80,1.30
Claire:9.20,7.80,4.50,4.20,3.70,3.30,2.90,2.80,1.70,0.40
Mila:5.60,4.60,3.40
Michael:9.70,5.00,1.50,0.10

Eclipse
Jorgen:9.10,9.00,7.70,7.60,4.90,4.60,4.50,4.20,3.70

Moguls
Henrik:8.10,6.40,6.10,3.10,2.40,1.50,1.40,1.10
Isla:9.30,8.80,8.40,7.90,7.10,6.30,4.90,3.80,0.70,0.20
Ignacio:6.60,6.40,3.90

Volt
Kyra:9.80,9.70,9.00,8.00,6.40,5.40,5.30,3.50,2.40,0.10
Violet:8.30,6.20,5.80,5.40,4.10,3.20,3.00,1.90,1.00
Aarav:8.50,6.30,1.60
Ishaan:8.60,7.90,6.90,2.80,2.30,2.10,0.50
Reyansh:9.60,8.90,7.70,6.80,5.90,5.40,5.20,4.10,2.50

Jaipur
Saanvi:9.10,9.10,8.80,8.60,4.50,1.10

Wizards
Alva:7.70,4.80,4.70,3.30
Daniel:7.60,6.70,5.70,4.30,3.70,3.70,3.10,2.60,0.60,0.20
Julius:9.10,6.70,4.40,3.50,3.20,2.10,0.80
Pari:9.20,7.70,7.00,6.70,6.30,3.90,3.60
Ling:9.90,8.70,7.50,6.30,5.90,5.60,4.90,4.40,0.90

Cyclones
Gunnar:10.00,8.50,8.20,6.30,3.50,2.70,2.20,0.90
Tomas:9.30,6.90,6.90,6.30,4.00,3.20,2.80,0.80
Malin:7.20,6.70,2.80,0.10
Ira:9.70,7.60,6.40,5.80,4.40,4.30,3.60,0.50,0.20
Konstantin:9.70,8.10,6.80,5.80,5.00,3.40,2.30,1.50,0.60,0.50

Rajahs
Kiara:7.00,3.10,2.90,2.60,2.30

Mavericks
Marta:9.50,9.20,8.50,8.20,7.50,5.10,3.60,3.10,1.20,0.30
Aarohi:9.00,8.50,7.60,7.00,5.00,2.80,0.30

Kudos
Emiliano:9.20,8.80,7.70,4.10,3.90,1.00,0.70,0.20
Bella:9.30,7.20,4.60,2.50
Arush:9.50,7.40,1.90,1.80
Leif:9.80,8.00,7.40,6.70,6.40,5.70,3.00,1.80

Dynamo
Nika:8.30,8.20,5.70,5.30,3.90,3.10,1.40
Svetlana:8.60,7.80,6.10,6.00,5.60,3.40,3.40,1.60,1.40
Ella:9.20,7.40,4.70,2.10,1.20
Dia:9.80,8.90,6.30,5.90,4.40,2.70,1.50
Polina:7.70,5.30,5.20,3.60,3.50,2.90,1.60,0.50,0.40,0.30

Avalanche
Yelizaveta:9.80,9.50,9.30,7.70,4.40,3.00,2.40,1.60,1.00,0.70
Abigail:6.10,4.10,3.00
Jun:9.80,7.20,6.80,4.90,4.50,4.40,2.50
Martina:8.60,7.30,7.00,6.80,6.30,5.40,2.70,1.50,1.30
Nova:7.00,6.40,3.20

Royals
Paula:10.00,10.00,9.50,8.60,8.30,8.20,7.00,6.40,2.60,2.10

Athenians
Yaroslav:5.20,5.10,1.70
Harper:9.10,5.50,5.00,1.30,1.10
Bo:9.00,5.90,3.10,2.50,2.20,1.10,0.10
Sergei:8.30,8.00,8.00,7.30,6.50,6.40,5.70,2.10

Havoc
Ljubov:8.00,7.50,7.30,6.10,5.40,0.30
Ishita:9.70,9.10,7.00,6.40,5.50,4.90,0.10
Isabelle:5.40,3.40,1.10

Falcons
Alina:8.70,6.10,5.80,5.10,3.40

Rajasthanis
Aanya:9.10,7.70,6.20,6.10,4.30,3.40,1.50,1.40
Isabella:5.90,4.10,1.90

Centurions
Anaya:7.10,4.80,0.50
Shruti:9.90,3.60,3.60,2.70,2.40,0.40
Emma:7.90,4.10,2.90,2.40,1.00,1.00,0.90,0.80,0.10
Vihaan:9.90,9.30,5.60,4.80,4.40,3.50
Dhruv:9.90,6.70,5.50,4.80,4.00,2.90,2.80,0.60