01-01-2015:76.63,76.82,77.52,76.66,77.16,76.78,75.80,75.93,75.42
01-02-2015:74.61,74.25,73.64,73.69,72.78,73.56
01-03-2015:74.24,73.97,74.39,74.67,75.32,75.01,75.11,75.23,76.21
01-04-2015:75.48,74.97,75.17,74.96,75.24,74.64
01-05-2015:75.46,75.22,76.15
01-06-2015:76.53,76.81,76.00,75.30,74.91,74.05,73.93,74.02,74.87
01-07-2015:74.87,73.94,73.72,73.18,72.94,73.53,74.42,75.27
01-08-2015:75.43,75.44,74.62,74.99,75.51,74.74,74.04,73.70
01-09-2015:73.34,72.36,72.15,72.48,73.05,73.60,72.84,72.19
01-10-2015:72.23,71.99,71.75,71.07,70.97,70.37,70.94,70.53,71.39,71.10
01-11-2015:70.71,66.62,70.50,69.58,70.03,70.26,71.21,71.85,71.64,71.46
01-12-2015:71.13,70.73,70.95,70.85,70.90,70.14,70.20,70.68,70.53
01-13-2015:70.94,70.69,71.03,70.66,70.63,71.10,70.72,69.88
01-14-2015:69.49,68.96,68.67,67.70,67.57,67.49
01-15-2015:68.30,68.07,68.27,68.92,69.52,69.04,68.94,69.13
01-16-2015:69.40,69.45,68.83
01-17-2015:69.30,69.04,68.19,67.61,67.72,67.59,66.65,66.38
01-18-2015:65.57,66.09,65.15,64.61
01-19-2015:64.92,64.05,63.60
01-20-2015:64.48,63.63,64.32
01-21-2015:63.67,64.31,64.07,64.81
01-22-2015:64.90,64.38,65.31,65.71,66.38,67.23,66.40,67.02,67.37,67.56
01-23-2015:67.15,67.40,68.18
01-24-2015:67.39,67.78,68.36,69.04,69.14,68.95,68.87
01-25-2015:68.15,68.43,67.47,68.23,68.28,68.58,69.34
01-26-2015:69.61,69.06,69.31,70.24,70.74
01-27-2015:70.95,70.84,70.20
01-28-2015:70.36,71.02,70.21,70.39
01-29-2015:70.93,70.34,70.19
01-30-2015:69.90,70.48,71.06,71.66,71.73,71.63
01-31-2015:72.51,73.09,74.08,73.57,74.24,73.49
02-01-2015:74.40,74.45,75.37,76.29,75.56,74.65,75.53,75.98,75.58,75.18
02-02-2015:74.98,74.37,74.22,75.13,75.92,76.70,76.85,76.12,75.13,74.97
02-03-2015:75.75,75.29,76.05,75.29,75.87,76.84,77.82,77.57,78.34,77.71
02-04-2015:78.41,78.94,79.79,80.30
02-05-2015:80.36,80.59,81.30,80.58,79.88
02-06-2015:80.48,80.14,79.63,79.88,78.95,77.99,77.15,77.24
02-07-2015:77.83,78.03,77.38
02-08-2015:77.77,76.93,76.46
02-09-2015:75.76,75.25,75.06,74.76,75.72
02-10-2015:76.62,76.85,76.38,75.51,75.38,75.89,74.98,74.90,75.80
02-11-2015:76.41,77.37,77.95,77.82,77.39,77.71,78.62,78.15
02-12-2015:77.25,76.74,77.23,76.45,76.99,77.07,76.16
02-13-2015:76.55,75.64,75.86,75.42,75.18,76.09
02-14-2015:75.14,74.94,75.85,75.41,74.99,74.37,74.83,75.30,75.47,74.69
02-15-2015:73.87,73.98,73.04,73.11,73.89,73.57,73.29,72.54,72.21,72.90
02-16-2015:72.03,71.36,71.00,70.12,71.05
02-17-2015:71.76,70.86,70.67,70.09
02-18-2015:69.93,70.75,69.79,69.51,69.79,69.93,70.86
02-19-2015:71.13,71.18,71.11,71.51,71.60,72.06,72.94,73.12,73.26
02-20-2015:73.72,73.03,72.86,72.56,73.38,74.03,73.66
02-21-2015:72.89,73.29,72.30
02-22-2015:71.76,71.79,71.52,71.52,72.27,72.79
02-23-2015:73.35,73.37,73.67,23.13,74.16,74.13,74.52,75.25
02-24-2015:74.84,74.13,74.43
02-25-2015:74.33,73.90,74.49,73.58,74.45,74.66,75.31
02-26-2015:75.96,76.60,77.00,76.77,76.79
02-27-2015:76.13,76.06,76.53,77.12,78.07,78.50,77.92,78.63,79.57
02-28-2015:79.29,79.44,78.52,77.91
03-01-2015:77.75,78.14,77.76,77.52,77.90,78.37,79.26,79.45
03-02-2015:80.06,79.67,79.35,79.88,80.14,81.11
03-03-2015:81.94,81.94,82.80,82.19,81.92,81.47,80.94,79.97,79.48
03-04-2015:79.88,80.44,79.83,80.00,79.26,78.88
03-05-2015:78.52,78.70,79.47,79.17,79.72,80.26
03-06-2015:79.57,79.49,79.56
03-07-2015:79.60,79.24,79.50,79.98,79.22,78.63,77.82
03-08-2015:77.92,78.32,79.23,79.23
03-09-2015:79.36,80.17,80.76,80.70,80.46,80.85,79.94
03-10-2015:79.04,79.13,78.66
03-11-2015:79.57,80.08,79.47,79.14,78.72,78.14,79.05
03-12-2015:79.07,78.82,79.29
03-13-2015:78.88,78.91,77.92
03-14-2015:78.63,77.75,78.60,79.06,78.43,78.19,78.25,77.86
03-15-2015:78.44,79.08,79.65,23.80,79.49
03-16-2015:80.06,79.81,80.20,80.57,81.36,80.65,80.20,79.86,80.81
03-17-2015:80.23,80.01,80.63,79.91
03-18-2015:80.85,81.63,82.12,82.40,81.93
03-19-2015:81.34,82.06,81.14,80.88,81.03,81.50,80.74
03-20-2015:80.52,80.86,81.68,81.18,81.62,80.71,81.50,81.54,82.28,82.09
03-21-2015:81.96,82.23,82.41,82.66,83.38,84.22,84.54,85.49,85.20,85.59
03-22-2015:85.43,84.52,84.40,84.04,83.07,82.51
03-23-2015:82.02,82.43,82.86,82.31,82.62,82.96,82.99,83.76,84.61
03-24-2015:85.60,86.23,85.34,86.29,85.95,86.87,86.37,85.62,86.16,85.89
03-25-2015:85.13,84.85,84.05,84.97,85.33,85.56
03-26-2015:85.18,85.10,84.23,84.90,85.43,85.60,84.75
03-27-2015:84.22,84.80,84.39,83.60,83.44,84.24
03-28-2015:83.61,84.33,84.92,85.50,84.71,84.57
03-29-2015:84.94,84.27,83.81,84.51,84.00,84.92,85.89,86.46,86.89,86.15
03-30-2015:85.70,85.35,84.58,84.85,84.23,84.90
03-31-2015:84.80,85.14,86.07,86.48,86.76,87.54
04-01-2015:87.95,87.21,86.94,86.87,86.36,85.66,85.06,85.59
04-02-2015:84.95,85.61,86.49,86.32,86.91,86.64
04-03-2015:86.74,86.31,87.25,86.35,86.17,85.60,85.84,86.21
04-04-2015:85.89,85.62,86.55,87.23
04-05-2015:86.78,86.70,86.39,87.03,87.37,86.54,87.08,87.24,86.51
04-06-2015:85.92,86.03,86.90,86.45,85.78,86.12,86.16
04-07-2015:85.40,84.60,84.87,85.31,86.26,86.44
04-08-2015:87.19,87.08,86.54,87.44,86.59
04-09-2015:86.46,86.79,86.98
04-10-2015:87.57,87.74,87.42,86.50,85.71,86.35,87.17,87.93,87.88
04-11-2015:87.32,86.88,87.42,87.77
04-12-2015:86.82,87.57,88.18,87.91,88.83,89.81,89.04,88.86,88.46
04-13-2015:88.82,89.37,88.43,88.34,89.17,88.86,88.88,89.10,88.69,88.01
04-14-2015:87.81,88.72,89.56
04-15-2015:89.02,89.15,88.55,89.12,88.17,87.58
04-16-2015:87.53,87.97,88.82,89.73
04-17-2015:90.56,91.21,91.57,90.73,90.10,89.90
04-18-2015:89.48,88.83,88.48,89.19,89.07,89.91,90.72,90.83,90.95
04-19-2015:91.81,92.36,91.97,91.78,92.55
04-20-2015:92.74,93.44,93.52,93.72,93.88
04-21-2015:93.24,92.40,92.47,91.53
04-22-2015:91.84,92.45,92.91,93.69,93.07
04-23-2015:92.56,92.06,91.71,92.17,92.50
04-24-2015:91.57,90.60,91.10
04-25-2015:91.72,90.92,90.28,89.43,89.02,88.16,87.57,87.18
04-26-2015:87.89,87.54,86.66,86.02,85.30
04-27-2015:85.66,86.28,85.76,85.85,85.95,86.67
04-28-2015:86.19,85.24,84.92,85.35,84.98
04-29-2015:85.56,85.72,85.45
04-30-2015:84.86,85.72,86.63,85.70
05-01-2015:86.58,86.84,87.82
05-02-2015:88.47,88.80,20.72,88.34,88.40,88.87,89.36
05-03-2015:90.28,90.41,90.88
05-04-2015:91.78,92.69,92.90,93.52,93.67,94.26,95.05
05-05-2015:95.25,95.17,95.12,95.53,94.79,94.59,94.25,93.37,93.68,92.70
05-06-2015:93.59,94.28,93.71,94.13,94.03
05-07-2015:94.37,94.45,94.33,93.49,94.10,94.58,95.29,95.64,95.61,94.93
05-08-2015:95.28,95.28,94.42,94.53,94.42,93.50
05-09-2015:94.11,93.25,92.57,93.42,94.02,93.08
05-10-2015:93.73,94.00,93.61,93.39
05-11-2015:93.70,94.35,93.54,93.32,92.61,92.47,91.96,91.21,91.28,90.98
05-12-2015:90.39,91.34,90.95,91.67,92.58,91.63
05-13-2015:92.61,92.64,92.60,92.52,92.03,91.64,91.47,91.15,90.28
05-14-2015:90.17,90.23,89.79,89.79,89.57,88.67,89.33,88.70,89.08,88.88
05-15-2015:89.35,89.59,89.87
05-16-2015:89.27,89.13,88.73,88.75,87.97,87.25,87.68,87.07,86.59,86.80
05-17-2015:86.56,86.74,87.24,88.22,87.43,87.68
05-18-2015:88.62,87.69,88.46
05-19-2015:87.62,86.68,85.93,85.92,86.19,86.55
05-20-2015:87.53,86.93,86.81
05-21-2015:86.90,86.91,86.44,86.78,86.06
05-22-2015:85.87,86.25,85.68,85.24,84.27,84.47,85.04
05-23-2015:85.81,84.92,84.53,84.99,84.75,85.06,85.04,85.86
05-24-2015:85.86,86.23,86.40,86.18
05-25-2015:87.16,86.32,86.52,86.34,87.11,87.21,87.07,87.67,86.89,87.17
05-26-2015:87.77,88.34,89.21
05-27-2015:88.36,89.05,89.53,90.34,90.21,90.27,90.56
05-28-2015:90.77,90.39,90.62,90.22,89.79,90.39,90.50,89.68,90.45
05-29-2015:90.18,90.65,89.79,89.93,89.33,88.80,88.34,88.03
05-30-2015:87.16,86.69,87.46,86.82,87.02,87.43
05-31-2015:88.16,88.02,88.02,87.10,87.24,87.15,87.77,88.09,87.52
06-01-2015:88.23,88.23,88.17,89.00,88.26
06-02-2015:87.45,86.85,87.02,86.43,85.59,85.93
06-03-2015:86.52,86.88,86.61,86.00,85.63,86.16
06-04-2015:87.02,87.27,87.02,87.77,88.07,87.23,87.30,87.86
06-05-2015:86.94,86.48,86.73,87.02,87.77
06-06-2015:86.94,86.44,86.59,86.07,86.84,87.22,86.78,86.51,86.45,87.27
06-07-2015:86.59,86.36,85.76,85.58,85.67
06-08-2015:84.81,84.77,84.34,85.04,85.51,84.83,84.44,83.81,84.78
06-09-2015:84.49,85.08,84.68,83.75,84.61,84.99,84.52,84.43
06-10-2015:84.80,83.88,83.91,84.47
06-11-2015:83.78,83.12,82.29,83.07,82.75,83.37,82.72,82.34,82.99,83.30
06-12-2015:54.45,83.08,82.34,83.21,83.30,82.95
06-13-2015:83.63,83.91,83.58,84.06,83.59,83.84,83.83
06-14-2015:83.43,83.17,82.90,82.17,82.49
06-15-2015:82.36,82.13,82.97,83.77,83.33,83.49
06-16-2015:83.61,83.75,84.43,83.66,82.88,82.14,82.14
06-17-2015:81.87,81.87,81.00,81.58,81.79,81.74,82.09,82.62,83.35
06-18-2015:84.22,85.12,86.10,86.39,85.93,86.36
06-19-2015:86.63,86.31,86.17,85.59
06-20-2015:86.14,86.39,85.53,84.76,84.74,85.64,85.57,84.70,84.11,84.89
06-21-2015:84.54,84.26,83.38,82.61,82.01,82.00,81.94,81.54,81.83
06-22-2015:82.82,82.48,83.40,83.15,83.21,82.47
06-23-2015:82.32,82.49,82.76,81.95,82.48,82.13,81.39,82.06
06-24-2015:81.35,81.11,81.53,80.84,81.72,82.71,81.81,81.46,82.15,82.06
06-25-2015:81.79,81.54,80.80
06-26-2015:81.22,80.95,80.41,80.26,80.63,81.36,80.76,81.07,81.53,80.69
06-27-2015:81.47,82.02,82.97,83.46,82.76,83.45,83.15
06-28-2015:83.78,83.03,82.63,82.89,83.14,82.90
06-29-2015:82.09,81.68,80.75,80.36,79.52,79.36,79.13,78.84,77.92
06-30-2015:77.09,76.10,75.20
07-01-2015:75.28,74.33,73.73,73.31,73.57,73.60,72.91
07-02-2015:72.27,73.12,73.15,73.14,72.66
07-03-2015:72.39,71.69,70.70,70.10,70.56,69.72,69.76,69.42,69.56
07-04-2015:70.36,71.24,70.40,69.68,70.49,70.53,70.05
07-05-2015:69.87,70.25,69.33,69.73,69.41,69.62,70.09
07-06-2015:69.46,69.96,70.70,69.83,70.54
07-07-2015:71.19,71.60,71.89,72.88,73.21,72.75
07-08-2015:73.02,73.33,72.87,72.83,73.12
07-09-2015:73.35,72.92,73.00,73.34,73.72,72.94,73.16,74.10,74.27,74.15
07-10-2015:75.14,76.09,77.04,77.43,77.38,76.92,76.64
07-11-2015:77.25,77.27,76.31,76.53,75.93
07-12-2015:75.69,75.16,75.92,75.71,76.23,76.29,75.60,74.96,74.35
07-13-2015:73.76,74.62,74.64,73.76,72.81,73.60,72.75,73.07,72.21
07-14-2015:71.66,71.00,70.70,70.05
07-15-2015:70.69,71.30,71.40,71.01,70.83,71.39,70.81,71.51,71.13
07-16-2015:71.06,70.57,71.44,71.82,72.09,71.36
07-17-2015:71.73,71.17,70.48,70.84,70.10
07-18-2015:70.77,71.06,70.58,70.30,70.99,70.03,69.66,69.41
07-19-2015:69.17,68.48,68.71,68.85,68.60,69.21,68.73,69.49,69.97
07-20-2015:69.47,69.14,68.90,69.33,70.07
07-21-2015:69.86,70.25,71.11,71.58,72.21,71.77,72.24,72.01,71.90,72.74
07-22-2015:72.58,72.19,71.34,70.39,71.10,71.00,70.30,69.71
07-23-2015:69.62,69.36,69.81,69.24,69.73,70.51
07-24-2015:69.85,69.84,69.99,70.43,69.59,68.85
07-25-2015:69.47,69.78,69.48,68.86,69.85,70.30
07-26-2015:71.14,72.08,72.86,73.24
07-27-2015:74.21,74.60,75.27
07-28-2015:74.55,75.10,75.10,74.79,74.93,75.44,75.04
07-29-2015:75.95,75.36,75.71,75.69,76.09,76.75,77.49,77.29,77.72,76.77
07-30-2015:76.26,75.34,75.63,75.95,75.94,75.31,74.53,73.56,73.34
07-31-2015:73.10,73.61,73.39,73.69,73.92,73.42,73.75,72.98
08-01-2015:73.90,73.93,73.09,72.76,73.48,74.45,75.10
08-02-2015:74.76,73.99,74.57
08-03-2015:74.22,73.49,73.93
08-04-2015:73.58,74.57,75.23,75.68
08-05-2015:74.84,73.99,73.60,72.69,72.37,73.35
08-06-2015:72.38,72.41,71.45,71.91,72.47,72.18,72.39,71.83,72.48,71.75
08-07-2015:72.14,71.47,71.08,70.37,49.47,70.87,69.94
08-08-2015:70.06,69.22,69.06
08-09-2015:69.73,70.17,70.43,69.92
08-10-2015:70.20,69.90,69.67
08-11-2015:70.17,70.24,70.31,69.88,69.39
08-12-2015:70.16,70.57,70.89,71.28,70.57
08-13-2015:71.04,70.74,70.91,69.94,70.55,71.19,71.53,71.62,71.60
08-14-2015:71.09,71.21,70.59
08-15-2015:70.94,70.37,69.78
08-16-2015:69.75,70.02,70.03,69.04,68.20,68.74,67.85,67.38,68.02,68.21
08-17-2015:68.21,69.06,69.34
08-18-2015:69.89,68.92,68.55,68.38,68.49,69.09,68.50,67.58,67.43
08-19-2015:67.76,67.50,68.03,67.24,67.71,67.75,68.33,68.95,68.74,68.06
08-20-2015:68.17,67.72,67.98
08-21-2015:68.76,68.58,67.86,67.79,68.48,68.54
08-22-2015:68.20,67.96,68.03
08-23-2015:69.01,69.08,68.18,68.20,68.55,68.01,67.87,67.76
08-24-2015:67.52,67.90,67.33,68.16,68.91,69.06,69.06,69.43,70.29,70.20
08-25-2015:70.61,70.45,70.60,71.37
08-26-2015:71.68,72.62,73.58,74.55
08-27-2015:75.23,75.93,76.43,75.76,75.14,75.75,74.87
08-28-2015:74.36,74.91,74.24,73.90,73.31,74.07,74.93
08-29-2015:75.73,75.32,74.66
08-30-2015:73.69,74.11,74.46,74.36,73.53,73.87,73.36,72.48,72.98,73.21
08-31-2015:72.42,73.18,73.35,73.99,74.62,74.72,75.54,75.03,74.40,74.97
09-01-2015:75.66,75.45,74.54
09-02-2015:74.89,74.98,74.50,74.00,73.91,74.29,74.07,74.13,73.60,74.21
09-03-2015:73.24,72.41,72.58,71.66,71.55,70.79,71.48,71.10,70.92,70.38
09-04-2015:71.17,71.26,71.53,72.12,71.36,71.50,71.66
09-05-2015:71.51,71.83,71.96,71.03,70.25,71.21,70.81,70.33
09-06-2015:69.84,70.73,71.06,71.25
09-07-2015:71.74,71.66,71.25,70.44,70.53,71.23,70.94,71.87
09-08-2015:71.87,72.18,72.75,73.55,73.29,73.01,73.36
09-09-2015:73.99,73.49,73.89
09-10-2015:74.26,73.49,72.62,73.16,72.51,73.26,73.10,73.81
09-11-2015:73.42,73.42,72.50,73.05,73.22,72.84,73.69,73.45,74.25
09-12-2015:75.06,75.91,75.79,76.75
09-13-2015:76.73,76.17,76.66,77.60,78.16,78.64,79.30,79.17
09-14-2015:78.49,77.69,77.52,78.36,78.39,78.55
09-15-2015:79.21,79.32,80.07,80.81,81.40,81.57,82.18,82.47,83.46
09-16-2015:82.79,82.44,82.45,81.68,81.81,82.45,82.52,82.46
09-17-2015:81.56,82.33,83.32,82.60,83.44,82.99,83.90,83.55,82.65,82.09
09-18-2015:83.07,82.43,82.15,82.05
09-19-2015:82.98,83.57,83.04
09-20-2015:82.96,82.85,83.01,82.17,81.88,81.54,81.13
09-21-2015:81.01,81.55,81.09,81.80,82.44,82.43,82.69,83.55
09-22-2015:83.86,83.37,84.06,83.11,83.94,83.99,84.59
09-23-2015:85.51,86.01,85.84,85.09
09-24-2015:85.84,86.14,86.85,87.36,87.19
09-25-2015:86.74,87.57,87.46,87.24
09-26-2015:87.19,87.94,88.19,88.00,88.66,89.48
09-27-2015:89.92,90.31,90.66,89.73,90.53,91.45,92.21,92.74,92.72
09-28-2015:92.71,92.69,91.94,92.11,92.63,91.64,92.22
09-29-2015:91.65,91.50,92.13,91.63,91.03,91.24,91.86,91.99,92.46
09-30-2015:92.24,92.18,91.84,92.68,92.69,91.76
10-01-2015:92.38,92.87,92.31
10-02-2015:91.61,91.42,92.09,91.16,90.27
10-03-2015:90.50,89.58,89.06,88.33,88.12,88.75
10-04-2015:89.18,88.24,88.74,88.59,87.66,86.98,87.61,87.77,87.52,88.37
10-05-2015:88.67,88.16,87.98,87.42,87.23
10-06-2015:86.61,85.65,85.27,85.28,86.22,85.96,86.31,86.13,85.29,86.04
10-07-2015:86.17,86.29,86.74,86.53,86.69,87.30,88.29
10-08-2015:88.91,88.61,89.17,88.66
10-09-2015:88.60,87.88,87.89,88.81,88.47,87.90,88.51,88.97
10-10-2015:88.09,88.98,88.44
10-11-2015:89.12,88.97,88.53
10-12-2015:89.18,88.36,88.54,88.86,87.92,88.05,87.15,87.68,87.28
10-13-2015:86.50,86.01,86.79,87.62
10-14-2015:87.46,87.22,86.76,87.06,86.23,86.17
10-15-2015:86.69,87.55,87.91,88.24,88.50,88.45,88.42,88.17,88.38
10-16-2015:87.94,88.27,87.63,87.67,87.04,87.88,87.34,87.71
10-17-2015:88.66,88.66,88.29,87.75,87.77,87.41,87.81,87.02
10-18-2015:86.67,87.23,86.41,86.78
10-19-2015:87.44,87.46,87.54,87.69,86.93,86.89,87.00,86.82,86.49,85.89
10-20-2015:85.14,94.99,84.26,85.03,84.36,85.22,85.63,86.59,87.35
10-21-2015:88.12,88.37,89.15,88.35,88.15,88.56,87.64,87.05,87.63,87.28
10-22-2015:88.00,87.83,88.21,89.12,89.51,89.30
10-23-2015:89.34,88.81,88.42
10-24-2015:88.21,87.66,87.47,88.10,88.00,87.61,87.29
10-25-2015:87.65,87.71,88.55,89.19,89.81,90.35
10-26-2015:91.16,90.89,90.34
10-27-2015:90.00,89.40,88.62,88.72
10-28-2015:88.98,88.19,88.30,87.66,88.05,88.86,88.03,88.54,89.48,89.80
10-29-2015:88.96,89.00,89.33,88.62,89.35
10-30-2015:89.12,89.46,88.48,88.42,89.38,89.87,90.69,90.65,89.84
10-31-2015:89.63,90.25,89.61,89.25,89.11,89.27,88.66
11-01-2015:87.86,87.28,87.58,87.76,86.89,87.74
11-02-2015:86.78,86.91,87.36,88.33,87.91,88.41,87.54,87.64,88.24,89.02
11-03-2015:89.39,88.66,88.11,87.54,86.61,87.20,87.60,86.75,86.46
11-04-2015:86.46,86.44,87.40,86.65,86.80,85.91
11-05-2015:84.93,85.57,85.43,86.06,86.04
11-06-2015:85.15,85.31,85.85,84.91
11-07-2015:84.97,85.54,85.62,84.98,84.09,84.63,84.03
11-08-2015:84.29,84.27,85.07,84.97,85.46
11-09-2015:85.80,85.89,86.52,85.75,86.57,87.19,87.35,87.88
11-10-2015:88.02,87.98,88.44,88.93,88.72,89.61,90.58,90.31,90.60,90.80
11-11-2015:90.45,90.86,91.66,91.99,91.12,90.61,91.35,92.28
11-12-2015:92.47,92.89,93.39,94.25
11-13-2015:93.87,94.14,94.55,94.35,93.99,93.08
11-14-2015:93.62,93.68,93.64,93.47,93.05
11-15-2015:92.38,93.31,93.74,93.55,94.25,94.49,93.70
11-16-2015:93.43,93.59,93.10,92.99,92.65,93.60,93.15,93.23,93.34
11-17-2015:92.70,92.24,93.08,92.94,93.38,93.37,93.28,92.79
11-18-2015:92.17,92.81,93.28,93.84,93.88
11-19-2015:93.83,94.73,94.80,94.49
11-20-2015:94.54,94.20,93.60,92.61,93.27,94.22,94.52,94.87,93.96
11-21-2015:93.35,93.47,92.76,93.55,94.17,94.70,94.55,94.44,94.04
11-22-2015:94.68,94.43,93.82,94.18,93.88,94.21
11-23-2015:94.85,93.92,93.37,93.17,93.35
11-24-2015:92.68,91.83,91.99,91.14,90.18
11-25-2015:91.04,91.71,92.17,91.49,90.99,90.97,90.42,90.65,90.13
11-26-2015:89.53,89.85,89.35,89.62,90.45,90.78,90.61,91.40
11-27-2015:91.65,91.95,92.52,91.55
11-28-2015:92.32,92.54,92.12,91.31,91.65,92.28,91.50,92.42,91.79
11-29-2015:92.51,92.98,91.99,91.87,92.76,93.61,94.12,95.10,94.29
11-30-2015:94.99,94.18,94.00,94.04,93.44
12-01-2015:94.38,94.96,94.34
12-02-2015:95.16,95.98,96.40,96.33,97.08,97.03,97.40,96.59,96.84
12-03-2015:96.70,97.24,97.45,97.85,97.35
12-04-2015:97.46,97.78,98.31
12-05-2015:97.65,97.23,97.93,98.41,97.63,97.30,97.76,98.53,98.13
12-06-2015:98.21,98.58,99.47,100.31,99.34,99.52,99.80,99.70
12-07-2015:100.45,99.88,100.70,100.69,99.85
12-08-2015:100.49,100.48,99.63,99.80,100.18,100.19,99.81,99.24,98.84,99.37
12-09-2015:98.81,98.98,98.72,98.61
12-10-2015:98.79,99.03,98.04,97.18,96.84,95.98,95.89,95.17
12-11-2015:94.73,93.88,94.59,94.93
12-12-2015:95.23,94.76,95.71,95.29,95.64,95.50,96.13
12-13-2015:96.42,95.66,94.71,94.10,94.33,94.77,94.76,94.37,93.86,93.19
12-14-2015:93.95,93.01,93.64,93.96
12-15-2015:93.70,94.61,95.22,95.63,96.15,95.79,95.99
12-16-2015:95.34,96.19,95.49
12-17-2015:96.03,96.36,97.20
12-18-2015:97.98,98.80,99.41,99.86,100.12,100.33,99.54,99.33,98.91,97.98
12-19-2015:98.24,99.15,98.96,99.06,99.21
12-20-2015:99.05,99.63,98.71,98.97,98.09
12-21-2015:98.55,98.39,97.78,97.26,97.26,96.86,96.67,96.80
12-22-2015:97.62,98.34,98.34
12-23-2015:99.28,100.07,100.43,101.38,102.03,102.92,103.21,102.89,102.56
12-24-2015:102.38,102.34,102.43,103.42,103.99,103.99,104.42,103.66,104.32,104.01
12-25-2015:103.88,102.93,103.04,103.02
12-26-2015:102.23,102.47,102.04,101.78
12-27-2015:101.45,101.12,100.74,100.63,100.21,99.71
12-28-2015:100.40,99.47,98.76,99.23,98.77,99.32,98.73
12-29-2015:98.73,98.35,97.51,98.17,97.52,96.55,95.62,95.58,96.52
12-30-2015:95.66,95.12,94.83,94.33,94.67
12-31-2015:93.75,93.05,92.10,92.17
01-01-2016:91.86,91.62,91.87,92.71,92.93,92.77,93.69,92.84,92.30
01-02-2016:92.22,91.99,91.46,91.62
01-03-2016:91.64,92.54,93.31,93.30,92.34,93.18,94.08,93.30,94.21
01-04-2016:94.39,94.97,94.96,95.03,95.01,95.65,96.51,96.36,97.04,96.06
01-05-2016:95.41,95.04,95.47,95.41,95.62,94.76,95.33,95.46,95.81,95.40
01-06-2016:94.50,94.18,94.42,95.18,95.13,95.78,96.12,95.72,96.00
01-07-2016:95.16,95.84,95.78,95.01,94.12
01-08-2016:94.29,93.75,93.72,93.31,93.86,92.93
01-09-2016:93.57,92.78,92.49,93.05,92.59
01-10-2016:92.45,93.25,93.65,92.77,91.89
01-11-2016:91.21,91.31,90.79,90.67,90.94,90.38
01-12-2016:90.63,89.83,89.98,90.85,90.42,91.31
01-13-2016:92.14,91.82,92.59,92.40,92.27,92.68,93.29,93.02,92.08
01-14-2016:92.30,92.85,93.70,94.59,94.31,95.11,95.05,94.54,95.23,95.41
01-15-2016:94.90,94.67,93.88,94.56,94.87,94.27,94.40,94.15,93.63,93.76
01-16-2016:94.20,93.64,94.54,94.15
01-17-2016:95.08,94.15,93.18,92.70,91.89,92.55,93.22,92.86
01-18-2016:92.86,93.15,92.58,91.71,92.21,91.49,91.31,92.02,92.18
01-19-2016:93.08,93.68,93.46,93.87
01-20-2016:93.15,93.18,93.65
01-21-2016:92.78,8.50,92.48,91.67,90.89
01-22-2016:90.14,89.97,90.83,91.81,91.98,91.25
01-23-2016:90.40,90.83,91.73,92.63,91.73,91.87,90.98
01-24-2016:91.22,90.84,91.10,90.17
01-25-2016:91.00,90.49,90.36,91.23,91.38,91.52,90.53,90.01,90.62
01-26-2016:90.65,90.81,90.32,91.08,91.59,92.47,92.17,92.40,92.03,91.35
01-27-2016:91.08,91.27,90.98,90.56,89.77,89.41,90.07,90.74,90.67
01-28-2016:91.57,91.07,90.42,90.65,90.81,91.49,90.53,90.59
01-29-2016:91.15,91.70,92.21,92.71,93.42,93.52,92.82,93.65,93.97,93.63
01-30-2016:94.56,93.77,94.60,94.35,94.03,94.10,93.96,93.35,92.70
01-31-2016:92.90,93.52,94.00,93.13,92.17,91.63,92.26,92.34,92.17,92.02
02-01-2016:92.48,92.69,93.17,93.02,92.39,92.93,93.56
02-02-2016:93.71,93.76,94.38,93.70,93.57,93.35,92.89
02-03-2016:92.57,92.17,91.64,90.85,90.14,89.74,89.31,89.38,88.49
02-04-2016:89.27,90.04,89.35